   5.5603824e+02
   1.8704663e+02
   4.7930208e+01
   4.0170095e+01
   3.1380795e+01
   2.3861186e+01
   5.6245510e+02
   2.0328854e+02
   1.1246500e+02
   6.6893249e+01
   5.3785748e+01
   4.6628711e+01
   3.5554840e+01
   3.2891844e+01
   2.9320029e+01
   6.1713266e+02
   2.2684472e+02
   1.3864856e+02
   7.5648011e+01
   5.3285260e+01
   3.6432109e+01
   3.4279306e+01
   7.0350060e+02
   2.5002585e+02
   1.5114704e+02
   8.5350330e+01
   6.8953387e+01
   6.2235195e+01
   4.5526930e+01
   4.0805255e+01
   3.7232301e+01
   7.9533689e+02
   2.7294154e+02
   1.7256454e+02
   9.1265572e+01
   7.4920236e+01
   6.4712031e+01
   4.6235299e+01
   4.4785214e+01
   3.8643384e+01
   7.7348857e+02
   2.8856470e+02
   1.8437369e+02
   9.9004108e+01
   7.5888711e+01
   6.7306775e+01
   5.2761307e+01
   4.4239812e+01
   9.6206691e+02
   3.2019156e+02
   1.9592574e+02
   1.0673470e+02
   8.9133172e+01
   7.4747995e+01
   5.8625787e+01
   5.0224256e+01
   4.7060347e+01
   9.5646650e+02
   2.0916242e+02
   1.0991874e+02
   9.7903586e+01
   8.0764176e+01
   5.8837176e+01
   5.6987349e+01
   9.5267559e+02
   3.5700680e+02
   2.1763943e+02
   1.1840481e+02
   9.7380720e+01
   8.2893425e+01
   6.2135261e+01
   5.7575921e+01
   4.9674382e+01
