   5.5603824e+02
   1.0704422e+02
   6.0916995e+01
   4.0170095e+01
   3.1380795e+01
   2.3861186e+01
   6.1713266e+02
   1.3864856e+02
   7.5648011e+01
   5.3285260e+01
   3.6390188e+01
   3.4279306e+01
   7.0350060e+02
   1.5114704e+02
   8.5350330e+01
   6.2235195e+01
   4.5526930e+01
   3.7232301e+01
   7.7348857e+02
   1.8437369e+02
   9.9004108e+01
   6.7306775e+01
   5.2761307e+01
   4.1422061e+01
   9.6206691e+02
   1.9592574e+02
   1.0673470e+02
   7.4747995e+01
   5.8625787e+01
   4.7060347e+01
   9.5267559e+02
   2.1763943e+02
   1.1840481e+02
   8.2893425e+01
   6.2135261e+01
   4.9674382e+01
