   2.9286423e+01
   1.6251928e+01
   1.2752545e+01
   1.1699534e+01
   1.1402456e+01
   1.0425702e+01
   9.9025638e+00
   1.0417317e+01
   9.7355553e+00
   9.6986407e+00
   9.9503708e+00
   3.3062907e+01
   1.8645464e+01
   1.5568459e+01
   1.2966017e+01
   1.1977878e+01
   1.1551768e+01
   1.1632583e+01
   1.1175890e+01
   1.1186027e+01
   1.0509724e+01
   1.0475109e+01
   3.5769377e+01
   2.0802320e+01
   1.7080156e+01
   1.4259866e+01
   1.3933859e+01
   1.3243290e+01
   1.2887713e+01
   1.2624943e+01
   1.1799060e+01
   1.1828897e+01
   1.2126914e+01
   4.1712658e+01
   2.2712621e+01
   1.8339017e+01
   1.6683948e+01
   1.5100640e+01
   1.4045104e+01
   1.3304168e+01
   1.3097270e+01
   1.2994767e+01
   1.2690738e+01
   1.3011094e+01
   4.5887365e+01
   2.4277517e+01
   2.0665667e+01
   1.8349655e+01
   1.6916970e+01
   1.5390593e+01
   1.5287406e+01
   1.4007955e+01
   1.4879903e+01
   1.4218435e+01
   1.4247292e+01
   4.9106970e+01
   2.8276924e+01
   2.2217287e+01
   1.9525133e+01
   1.7946752e+01
   1.7146453e+01
   1.5739136e+01
   1.6073530e+01
   1.5462002e+01
   1.4976606e+01
   1.4769617e+01
   5.4067678e+01
   3.0903963e+01
   2.4365721e+01
   2.0502423e+01
   1.9449392e+01
   1.6663216e+01
   1.6989071e+01
   1.7217440e+01
   1.6415990e+01
   1.6711838e+01
   1.6530339e+01
   6.0562563e+01
   3.1666652e+01
   2.5060886e+01
   2.2234481e+01
   2.0486033e+01
   1.8692949e+01
   1.8069845e+01
   1.6844051e+01
   1.7688503e+01
   1.7561897e+01
   1.7734666e+01
   6.2485439e+01
   3.4808230e+01
   2.7406778e+01
   2.3988780e+01
   2.1299496e+01
   2.0181731e+01
   2.0103131e+01
   1.8885602e+01
   1.8114993e+01
   1.8443379e+01
   1.7370923e+01
   6.4365598e+01
   3.6742819e+01
   2.9114844e+01
   2.4956951e+01
   2.2949035e+01
   2.1206067e+01
   2.0202223e+01
   1.9765018e+01
   1.9804409e+01
   1.9981282e+01
   1.9418223e+01
   7.0389404e+01
   3.8859073e+01
   3.0830816e+01
   2.7162697e+01
   2.3242458e+01
   2.2732610e+01
   2.3333008e+01
   2.1885354e+01
   2.0874619e+01
   2.0426790e+01
   1.9604298e+01
