   9.9964810e-06
   9.3436880e-06
   8.6832165e-06
   7.3374818e-06
   6.6649731e-06
   5.9373724e-06
   5.0871412e-06
   4.1892209e-06
   3.2628840e-06
   2.1221053e-06
   1.1028401e-05
   9.8440198e-06
   8.5925455e-06
   7.9589963e-06
   7.3510233e-06
   6.7192406e-06
   6.0377711e-06
   5.4200764e-06
   4.6532000e-06
   1.2095432e-05
   1.1534235e-05
   1.0927926e-05
   9.7711673e-06
   9.2143065e-06
   8.6178381e-06
   8.0254856e-06
   7.4671281e-06
   6.8898208e-06
   6.3158027e-06
   1.4199315e-05
   1.3616315e-05
   1.3103447e-05
   1.2042063e-05
   1.1532696e-05
   1.1002968e-05
   1.0476247e-05
   9.9786550e-06
   9.4271384e-06
   8.9251515e-06
   1.5247084e-05
   1.4716564e-05
   1.4169386e-05
   1.3163715e-05
   1.2626053e-05
   1.2142558e-05
   1.1641768e-05
   1.1164597e-05
   1.0656273e-05
   1.6263463e-05
   1.5750450e-05
   1.5224688e-05
   1.4267263e-05
   1.3747397e-05
   1.3279888e-05
   1.2778909e-05
   1.2283809e-05
   1.1801172e-05
   1.1329409e-05
   1.7290845e-05
   1.6818787e-05
   1.6304679e-05
   1.5341457e-05
   1.4864350e-05
   1.4384970e-05
   1.3922740e-05
   1.3442760e-05
   1.2975334e-05
   1.2478501e-05
   1.8330041e-05
   1.7855159e-05
   1.7377164e-05
   1.6447060e-05
   1.5955910e-05
   1.5468098e-05
   1.5011903e-05
   1.4540739e-05
   1.4073832e-05
   1.3617651e-05
   1.9386301e-05
   1.8934922e-05
   1.8447175e-05
   1.7459221e-05
   1.7039229e-05
   1.6573512e-05
   1.6105198e-05
   1.5668381e-05
   1.5202082e-05
   1.4734451e-05
   2.0424432e-05
   1.9950863e-05
   1.9495659e-05
   1.8573927e-05
   1.7659004e-05
   1.7196357e-05
   1.6744164e-05
   1.6295407e-05
   1.5858389e-05
