   9.9964810e-06
   8.6832165e-06
   7.3374818e-06
   6.6649731e-06
   5.9373724e-06
   4.1892209e-06
   2.1221053e-06
   1.2095432e-05
   1.0927926e-05
   9.7711673e-06
   9.2143065e-06
   8.6178381e-06
   7.4671281e-06
   6.3158027e-06
   1.4199315e-05
   1.3103447e-05
   1.2042063e-05
   1.1532696e-05
   1.1002968e-05
   9.9786550e-06
   8.9251515e-06
   1.5247084e-05
   1.4169386e-05
   1.3163715e-05
   1.2626053e-05
   1.2142558e-05
   1.1164597e-05
   1.0148155e-05
   1.6263463e-05
   1.5224688e-05
   1.4267263e-05
   1.3747397e-05
   1.3279888e-05
   1.2283809e-05
   1.1329409e-05
   1.8330041e-05
   1.7377164e-05
   1.6447060e-05
   1.5955910e-05
   1.5468098e-05
   1.4540739e-05
   1.3617651e-05
   2.0424432e-05
   1.9495659e-05
   1.8573927e-05
   1.8105309e-05
   1.7659004e-05
   1.6744164e-05
   1.5858389e-05
