   1.0957921e-05
   1.1704341e-05
   1.1633663e-05
   1.0970056e-05
   1.0046140e-05
   9.0592506e-06
   8.1740370e-06
   7.2909787e-06
   6.2696440e-06
   5.2063754e-06
   4.0336811e-06
   1.2063416e-05
   1.2908725e-05
   1.2922972e-05
   1.2389256e-05
   1.1404680e-05
   1.0552541e-05
   9.6742903e-06
   8.7854092e-06
   7.6748701e-06
   6.6833731e-06
   5.4476294e-06
   1.3168116e-05
   1.4149948e-05
   1.4247856e-05
   1.3735733e-05
   1.2836842e-05
   1.1940366e-05
   1.1135350e-05
   1.0296994e-05
   9.2645671e-06
   8.1701105e-06
   7.0616803e-06
   1.4301945e-05
   1.5257572e-05
   1.5417132e-05
   1.5053865e-05
   1.4299211e-05
   1.3352612e-05
   1.2496859e-05
   1.1711770e-05
   1.0749663e-05
   9.6371308e-06
   8.4907260e-06
   1.5288102e-05
   1.6396994e-05
   1.6807083e-05
   1.6355356e-05
   1.5677904e-05
   1.4810209e-05
   1.3930790e-05
   1.3215115e-05
   1.2252808e-05
   1.1229061e-05
   1.0005560e-05
   1.6401251e-05
   1.7647518e-05
   1.7959693e-05
   1.7775208e-05
   1.7102762e-05
   1.6240637e-05
   1.5477144e-05
   1.4593559e-05
   1.3829511e-05
   1.2709254e-05
   1.1807732e-05
   1.7459824e-05
   1.8808164e-05
   1.9184904e-05
   1.8982819e-05
   1.8441284e-05
   1.7622955e-05
   1.6847562e-05
   1.6114090e-05
   1.5241002e-05
   1.4249862e-05
   1.3089122e-05
   1.8516619e-05
   1.9858510e-05
   2.0516716e-05
   2.0394603e-05
   1.9865997e-05
   1.9093174e-05
   1.8266842e-05
   1.7489616e-05
   1.6669180e-05
   1.5676355e-05
   1.4618144e-05
   1.9685625e-05
   2.1131756e-05
   2.1644527e-05
   2.1726653e-05
   2.1182537e-05
   2.0486300e-05
   1.9702748e-05
   1.8882649e-05
   1.8185693e-05
   1.7178502e-05
   1.6027408e-05
   2.0644631e-05
   2.2311021e-05
   2.2945337e-05
   2.2868170e-05
   2.2551666e-05
   2.1864177e-05
   2.1111314e-05
   2.0333066e-05
   1.9496989e-05
   1.8730455e-05
   1.7582987e-05
   2.1747322e-05
   2.3511110e-05
   2.4088185e-05
   2.4183013e-05
   2.3906214e-05
   2.3234739e-05
   2.2438983e-05
   2.1746234e-05
   2.0977102e-05
   2.0047032e-05
   1.9066399e-05
