   1.3622606e+01
   5.6710942e+01
   8.9910670e+01
   1.0236409e+02
   1.1301541e+02
   1.2827215e+02
   1.0199155e+02
   1.6451441e+01
   7.1130560e+01
   1.1720701e+02
   1.3742707e+02
   1.5591725e+02
   1.8621741e+02
   2.0902082e+02
   1.9331233e+01
   8.5203646e+01
   1.4386089e+02
   1.7031802e+02
   1.9610399e+02
   2.4209745e+02
   2.8179393e+02
   2.0772457e+01
   9.2159124e+01
   1.5682481e+02
   1.8676226e+02
   2.1532939e+02
   2.6827125e+02
   3.1517878e+02
   2.2167096e+01
   9.9222438e+01
   1.6948378e+02
   2.0293293e+02
   2.3513082e+02
   2.9451561e+02
   3.5037416e+02
   2.4966718e+01
   1.1297332e+02
   1.9594946e+02
   2.3500868e+02
   2.7349496e+02
   3.4715996e+02
   4.1803480e+02
   2.7816575e+01
   1.2673183e+02
   2.2158417e+02
   2.6690641e+02
   3.1244209e+02
   4.0058611e+02
   4.8410330e+02
