   1.3622606e+01
   3.6545267e+01
   5.6710942e+01
   7.4801130e+01
   8.9910670e+01
   1.0236409e+02
   1.1301541e+02
   1.1942321e+02
   1.2827215e+02
   1.3824757e+02
   1.0199155e+02
   1.5035394e+01
   4.0731438e+01
   6.4011691e+01
   8.4960724e+01
   1.0384089e+02
   1.2028403e+02
   1.3424793e+02
   1.4688391e+02
   1.5714381e+02
   1.6582409e+02
   1.6953207e+02
   1.6451441e+01
   4.4929840e+01
   7.1130560e+01
   9.5176457e+01
   1.1720701e+02
   1.3742707e+02
   1.5591725e+02
   1.7087272e+02
   1.8621741e+02
   1.9878858e+02
   2.0902082e+02
   1.7881065e+01
   4.9084912e+01
   7.8309557e+01
   1.0553421e+02
   1.3089350e+02
   1.5404134e+02
   1.7580699e+02
   1.9546333e+02
   2.1364413e+02
   2.3076024e+02
   2.4473305e+02
   1.9331233e+01
   5.3199142e+01
   8.5203646e+01
   1.1556502e+02
   1.4386089e+02
   1.7031802e+02
   1.9610399e+02
   2.1944019e+02
   2.4209745e+02
   2.6074416e+02
   2.8179393e+02
   2.0772457e+01
   5.7352292e+01
   9.2159124e+01
   1.2541427e+02
   1.5682481e+02
   1.8676226e+02
   2.1532939e+02
   2.4217452e+02
   2.6827125e+02
   2.9221069e+02
   3.1517878e+02
   2.2167096e+01
   6.1512293e+01
   9.9222438e+01
   1.3534254e+02
   1.6948378e+02
   2.0293293e+02
   2.3513082e+02
   2.6561293e+02
   2.9451561e+02
   3.2331243e+02
   3.5037416e+02
   2.3554966e+01
   6.5673181e+01
   1.0609971e+02
   1.4531344e+02
   1.8235280e+02
   2.1945272e+02
   2.5462490e+02
   2.8796111e+02
   3.2142061e+02
   3.5370194e+02
   3.8318627e+02
   2.4966718e+01
   6.9788737e+01
   1.1297332e+02
   1.5510500e+02
   1.9594946e+02
   2.3500868e+02
   2.7349496e+02
   3.1032168e+02
   3.4715996e+02
   3.8310458e+02
   4.1803480e+02
   2.6444335e+01
   7.3887759e+01
   1.1986652e+02
   1.6472348e+02
   2.0874555e+02
   2.5109952e+02
   2.9260690e+02
   3.3374757e+02
   3.7389298e+02
   4.1256844e+02
   4.5061747e+02
   2.7816575e+01
   7.7854067e+01
   1.2673183e+02
   1.7487040e+02
   2.2158417e+02
   2.6690641e+02
   3.1244209e+02
   3.5586008e+02
   4.0058611e+02
   4.4164088e+02
   4.8410330e+02
