   1.5496467e+01
   4.9740077e+01
   8.5467972e+01
   1.2025014e+02
   1.5573117e+02
   1.8801740e+02
   2.1960628e+02
   2.5169285e+02
   2.7611480e+02
   2.9928219e+02
   3.2611541e+02
   1.7044825e+01
   5.4483725e+01
   9.3740784e+01
   1.3504568e+02
   1.7282834e+02
   2.0938226e+02
   2.4451870e+02
   2.7936600e+02
   3.1008140e+02
   3.3829890e+02
   3.6440667e+02
   1.8485293e+01
   5.9442396e+01
   1.0271443e+02
   1.4511689e+02
   1.8830537e+02
   2.3075437e+02
   2.7146400e+02
   3.0540800e+02
   3.4614261e+02
   3.7703801e+02
   4.0919627e+02
   2.0095872e+01
   6.3889230e+01
   1.0952731e+02
   1.5796828e+02
   2.0584527e+02
   2.4918384e+02
   2.9500568e+02
   3.3698852e+02
   3.7984423e+02
   4.1489235e+02
   4.5307310e+02
   2.1451421e+01
   6.8492602e+01
   1.1965906e+02
   1.6850759e+02
   2.2109464e+02
   2.7099735e+02
   3.1968150e+02
   3.6639314e+02
   4.1144858e+02
   4.5267869e+02
   4.9339468e+02
   2.2994849e+01
   7.3410099e+01
   1.2694109e+02
   1.8179596e+02
   2.3817745e+02
   2.9256257e+02
   3.4519551e+02
   3.9499569e+02
   4.4420150e+02
   4.9243957e+02
   5.3810338e+02
   2.4441028e+01
   7.8001651e+01
   1.3523419e+02
   1.9499694e+02
   2.5259044e+02
   3.1215032e+02
   3.6771148e+02
   4.2667648e+02
   4.7873994e+02
   5.2813671e+02
   5.7831711e+02
   2.5855769e+01
   8.1948413e+01
   1.4504747e+02
   2.0682814e+02
   2.7085293e+02
   3.3260571e+02
   3.9386962e+02
   4.5106447e+02
   5.1260030e+02
   5.6624105e+02
   6.1993979e+02
   2.7510534e+01
   8.7521029e+01
   1.5137833e+02
   2.1964827e+02
   2.8653231e+02
   3.5397501e+02
   4.2023808e+02
   4.8207985e+02
   5.5022182e+02
   6.0675868e+02
   6.6507121e+02
   2.8814273e+01
   9.2119281e+01
   1.5949745e+02
   2.2890851e+02
   3.0140786e+02
   3.7342913e+02
   4.4607780e+02
   5.1094476e+02
   5.8165146e+02
   6.4741890e+02
   7.0519922e+02
   3.0346464e+01
   9.6727085e+01
   1.6763364e+02
   2.4165365e+02
   3.1931098e+02
   3.9432597e+02
   4.7002211e+02
   5.4127515e+02
   6.1532745e+02
   6.8251855e+02
   7.4437801e+02
