   5.0000000e+02   3.6270000e+01
   5.0000000e+02   1.6927400e+02
   5.0000000e+02   3.0227800e+02
   5.0000000e+02   4.3528200e+02
   5.0000000e+02   5.6828600e+02
   5.0000000e+02   7.0129000e+02
   6.0000000e+02   3.6270000e+01
   6.0000000e+02   1.6927400e+02
   6.0000000e+02   3.0227800e+02
   6.0000000e+02   4.3528200e+02
   6.0000000e+02   5.6828600e+02
   6.0000000e+02   7.0129000e+02
   7.0000000e+02   3.6270000e+01
   7.0000000e+02   1.6927400e+02
   7.0000000e+02   3.0227800e+02
   7.0000000e+02   4.3528200e+02
   7.0000000e+02   5.6828600e+02
   7.0000000e+02   7.0129000e+02
   8.0000000e+02   3.6270000e+01
   8.0000000e+02   1.6927400e+02
   8.0000000e+02   3.0227800e+02
   8.0000000e+02   4.3528200e+02
   8.0000000e+02   5.6828600e+02
   8.0000000e+02   7.0129000e+02
   9.0000000e+02   3.6270000e+01
   9.0000000e+02   1.6927400e+02
   9.0000000e+02   3.0227800e+02
   9.0000000e+02   4.3528200e+02
   9.0000000e+02   5.6828600e+02
   9.0000000e+02   7.0129000e+02
   1.0000000e+03   3.6270000e+01
   1.0000000e+03   1.6927400e+02
   1.0000000e+03   3.0227800e+02
   1.0000000e+03   4.3528200e+02
   1.0000000e+03   5.6828600e+02
   1.0000000e+03   7.0129000e+02
