 0.00027840065
 0.00028708139
 0.00029600195
 0.00032999588
 0.00033060724
 0.00033112716
 0.00034712337
 0.00034927411
 0.00028231492
 0.00028417533
 0.00028545939
 0.00028843732
 0.00030968603
 0.00031201263
 0.00031206305
 0.00034235049
 0.00027777178
 0.00028209166
 0.00028909970
 0.00029304316
 0.00029556890
 0.00029777412
 0.00030703743
 0.00031461466
 0.00027843630
 0.00028237737
 0.00029314211
 0.00029927883
 0.0003113597
 0.00032178702
 0.00033211563
 0.00036352652
 0.0002652647
 0.00028406833
 0.00028212956
 0.00028041458
 0.00025798428
 0.00030298713
 0.00033824658
 0.00035575666
