 8.60000000e+01 0.00000000e+00
 8.60000000e+01 5.71428571e-01
 8.60000000e+01 1.14285714e+00
 8.60000000e+01 1.71428571e+00
 8.60000000e+01 2.28571429e+00
 8.60000000e+01 2.85714286e+00
 8.60000000e+01 3.42857143e+00
 8.60000000e+01 4.00000000e+00
 9.00000000e+01 0.00000000e+00
 9.00000000e+01 5.71428571e-01
 9.00000000e+01 1.14285714e+00
 9.00000000e+01 1.71428571e+00
 9.00000000e+01 2.28571429e+00
 9.00000000e+01 2.85714286e+00
 9.00000000e+01 3.42857143e+00
 9.00000000e+01 4.00000000e+00
 9.40000000e+01 0.00000000e+00
 9.40000000e+01 5.71428571e-01
 9.40000000e+01 1.14285714e+00
 9.40000000e+01 1.71428571e+00
 9.40000000e+01 2.28571429e+00
 9.40000000e+01 2.85714286e+00
 9.40000000e+01 3.42857143e+00
 9.40000000e+01 4.00000000e+00
 9.80000000e+01 0.00000000e+00
 9.80000000e+01 5.71428571e-01
 9.80000000e+01 1.14285714e+00
 9.80000000e+01 1.71428571e+00
 9.80000000e+01 2.28571429e+00
 9.80000000e+01 2.85714286e+00
 9.80000000e+01 3.42857143e+00
 9.80000000e+01 4.00000000e+00
 1.02000000e+02 0.00000000e+00
 1.02000000e+02 5.71428571e-01
 1.02000000e+02 1.14285714e+00
 1.02000000e+02 1.71428571e+00
 1.02000000e+02 2.28571429e+00
 1.02000000e+02 2.85714286e+00
 1.02000000e+02 3.42857143e+00
 1.02000000e+02 4.00000000e+00
