   5.2232620e+02
   1.1426107e+02
   5.7681417e+01
   4.8269981e+01
   3.8663356e+01
   3.0505537e+01
   2.3586164e+01
   6.7598936e+02
   1.2892766e+02
   7.1246228e+01
   5.4689265e+01
   4.3804613e+01
   3.6943412e+01
   2.8634157e+01
   7.4199639e+02
   1.3505654e+02
   7.8907675e+01
   6.3683916e+01
   5.4287119e+01
   3.6753901e+01
   3.1339091e+01
   7.1636083e+02
   1.4809060e+02
   8.2850865e+01
   6.3997855e+01
   5.3355286e+01
   3.9267347e+01
   3.1637460e+01
   7.1229168e+02
   1.5479251e+02
   8.4329610e+01
   6.7936038e+01
   5.5164793e+01
   4.0859195e+01
   3.6032778e+01
   8.0444433e+02
   1.7062955e+02
   8.9220662e+01
   7.1279973e+01
   5.8206013e+01
   4.1913061e+01
   3.6884559e+01
   8.5223553e+02
   1.7862476e+02
   9.4030945e+01
   8.1667199e+01
   6.8027088e+01
   4.6163656e+01
   3.9713169e+01
