   5.2232620e+02
   1.7945528e+02
   1.1426107e+02
   5.7681417e+01
   4.8269981e+01
   3.8663356e+01
   3.3423822e+01
   3.0505537e+01
   2.6124760e+01
   2.3586164e+01
   6.0649223e+02
   1.8937751e+02
   1.2618404e+02
   5.8954553e+01
   5.3954278e+01
   4.2192306e+01
   3.2250456e+01
   3.0436604e+01
   2.6534071e+01
   6.7598936e+02
   2.0810335e+02
   1.2892766e+02
   7.1246228e+01
   5.4689265e+01
   4.3804613e+01
   3.8375641e+01
   3.6943412e+01
   3.1029278e+01
   2.8634157e+01
   7.4199639e+02
   2.4741251e+02
   1.3505654e+02
   6.3683916e+01
   5.4287119e+01
   4.2664582e+01
   3.6753901e+01
   3.3755844e+01
   7.1636083e+02
   2.3854651e+02
   1.4809060e+02
   8.2850865e+01
   6.3997855e+01
   5.3355286e+01
   4.6172125e+01
   3.9267347e+01
   3.4369885e+01
   3.1637460e+01
   7.1229168e+02
   2.5887638e+02
   1.5479251e+02
   8.4329610e+01
   6.7936038e+01
   5.5164793e+01
   5.1240658e+01
   4.0859195e+01
   3.7913820e+01
   3.6032778e+01
   8.0444433e+02
   2.7677826e+02
   1.7062955e+02
   8.9220662e+01
   7.1279973e+01
   5.8206013e+01
   5.3590345e+01
   4.1428672e+01
   8.1899687e+02
   3.0058117e+02
   1.6563045e+02
   8.9983071e+01
   7.2908701e+01
   6.3757487e+01
   5.2881007e+01
   4.6673518e+01
   4.3139400e+01
   3.5529929e+01
   8.5223553e+02
   2.8916256e+02
   1.7862476e+02
   9.4030945e+01
   8.1667199e+01
   6.8027088e+01
   5.8503871e+01
   4.6163656e+01
   4.5095763e+01
   3.9713169e+01
