   4.8746123e+02
   1.7406623e+02
   1.0087498e+02
   7.5284318e+01
   6.0713247e+01
   4.7590164e+01
   4.3416121e+01
   3.7740399e+01
   3.2079767e+01
   2.9309640e+01
   2.9597295e+01
   5.4213902e+02
   1.9787750e+02
   1.2149102e+02
   8.6260773e+01
   6.2831884e+01
   5.6013169e+01
   4.4581145e+01
   4.1937945e+01
   3.9751761e+01
   3.3831441e+01
   3.0683257e+01
   5.7140882e+02
   2.2263074e+02
   1.2558730e+02
   9.8581488e+01
   7.2104596e+01
   5.9394777e+01
   5.4272286e+01
   4.4679301e+01
   4.0146061e+01
   3.7656651e+01
   3.3793990e+01
   6.6837777e+02
   2.4944595e+02
   1.3864668e+02
   9.9699966e+01
   8.1227788e+01
   6.3510105e+01
   5.7833706e+01
   4.9638949e+01
   4.2629821e+01
   3.9706587e+01
   3.7731239e+01
   7.5301605e+02
   2.5809488e+02
   1.4928956e+02
   1.0779559e+02
   9.2298510e+01
   7.1180929e+01
   6.0672399e+01
   5.3494139e+01
   4.9856142e+01
   4.3238789e+01
   4.1786231e+01
   7.5417859e+02
   2.8056798e+02
   1.5459387e+02
   1.2486573e+02
   1.0058810e+02
   7.8232135e+01
   6.7341688e+01
   5.5004607e+01
   5.6739091e+01
   4.9262024e+01
   4.2523873e+01
   8.7214620e+02
   3.0762440e+02
   1.5570730e+02
   1.4206467e+02
   1.0389173e+02
   8.4428153e+01
   7.3902305e+01
   6.0570719e+01
   6.0876903e+01
   5.0524792e+01
   4.6662036e+01
   9.1439988e+02
   3.4831433e+02
   1.9288722e+02
   1.4677432e+02
   1.1586428e+02
   8.9617273e+01
   8.3659377e+01
   7.2822286e+01
   6.2920992e+01
   5.4342843e+01
   5.0437441e+01
   9.2709667e+02
   3.6790499e+02
   2.0314880e+02
   1.5902985e+02
   1.3195073e+02
   1.0213267e+02
   8.6835273e+01
   7.1858185e+01
   7.0462532e+01
   5.7884452e+01
   5.6846287e+01
   1.1301830e+03
   3.7778961e+02
   2.1955508e+02
   1.6770274e+02
   1.2937134e+02
   1.0959036e+02
   9.5937491e+01
   8.1865111e+01
   7.4150658e+01
   6.5604322e+01
   5.8295107e+01
   1.1310767e+03
   4.1083981e+02
   2.4806079e+02
   1.8564958e+02
   1.3779243e+02
   1.0445884e+02
   8.9361842e+01
   8.4496624e+01
   8.4049115e+01
   6.1228736e+01
   6.4310296e+01
