   5.1180051e+02
   1.8126837e+02
   7.7183986e+01
   4.9902453e+01
   3.4869412e+01
   2.7652999e+01
   2.5632777e+01
   5.7798285e+02
   1.9719329e+02
   8.6177406e+01
   5.1002447e+01
   3.5355139e+01
   2.9289829e+01
   2.6458504e+01
   6.3191964e+02
   2.3339871e+02
   9.5012864e+01
   6.2936940e+01
   4.3504933e+01
   3.3959149e+01
   2.9246316e+01
   7.1040638e+02
   2.5542751e+02
   9.9030646e+01
   6.7577356e+01
   4.4011629e+01
   3.8454498e+01
   3.3603476e+01
   7.5499882e+02
   2.6590382e+02
   1.0658057e+02
   7.4176612e+01
   4.6700840e+01
   3.9439110e+01
   3.6459098e+01
   8.6177687e+02
   2.7020189e+02
   1.2076678e+02
   7.3159455e+01
   5.3624663e+01
   4.1018945e+01
   3.8363086e+01
   8.4011855e+02
   2.9331788e+02
   1.2297110e+02
   7.7404312e+01
   5.5321718e+01
   4.7541338e+01
   4.1390022e+01
