   5.1180051e+02
   1.8126837e+02
   1.1080562e+02
   5.9778411e+01
   4.9902453e+01
   4.1734099e+01
   3.4869412e+01
   3.1976103e+01
   2.7652999e+01
   2.5632777e+01
   5.7798285e+02
   1.0422145e+02
   6.9169383e+01
   5.1002447e+01
   4.2873093e+01
   3.5355139e+01
   3.5023195e+01
   2.9289829e+01
   2.6458504e+01
   6.1372722e+02
   2.0678546e+02
   1.2008940e+02
   6.8837838e+01
   5.3336867e+01
   4.4342999e+01
   4.0516996e+01
   3.5278264e+01
   3.2689587e+01
   2.7632180e+01
   5.8575679e+02
   2.3834331e+02
   1.3209998e+02
   7.9508427e+01
   6.3254764e+01
   5.3328720e+01
   4.4540591e+01
   3.9520414e+01
   3.0879558e+01
   3.1278405e+01
   7.1040638e+02
   2.5542751e+02
   1.4083199e+02
   8.4686403e+01
   6.7577356e+01
   5.5693070e+01
   4.4011629e+01
   3.8457173e+01
   3.8454498e+01
   7.3094824e+02
   2.5314545e+02
   1.5384317e+02
   8.4729874e+01
   7.0760273e+01
   5.6333785e+01
   4.5465716e+01
   4.1363729e+01
   3.8065179e+01
   3.4642485e+01
   7.5499882e+02
   2.6590382e+02
   1.5605922e+02
   8.1674757e+01
   7.4176612e+01
   6.4986333e+01
   4.6700840e+01
   4.3215876e+01
   3.9439110e+01
   3.6459098e+01
   7.8417805e+02
   2.6423214e+02
   1.7026412e+02
   8.8628213e+01
   7.0705086e+01
   6.4643912e+01
   5.3478855e+01
   4.4822547e+01
   4.1136135e+01
   3.4673791e+01
   8.6177687e+02
   2.7020189e+02
   1.5742526e+02
   9.3286009e+01
   7.3159455e+01
   6.2283207e+01
   5.3624663e+01
   4.9724434e+01
   4.1018945e+01
   3.8363086e+01
   8.4011855e+02
   2.9331788e+02
   1.7525004e+02
   9.4845588e+01
   6.6921730e+01
   5.5321718e+01
   5.0728409e+01
   4.7541338e+01
   4.1390022e+01
