   1.6282139e+02
   5.4670976e+01
   3.0702581e+01
   2.5705066e+01
   2.0528713e+01
   1.4818330e+01
   1.3991605e+01
   1.1021616e+01
   1.0456794e+01
   8.7399268e+00
   9.2571737e+00
   1.7255334e+02
   6.4269621e+01
   3.6807201e+01
   2.7680154e+01
   2.1715231e+01
   1.6628116e+01
   1.3480174e+01
   1.3096052e+01
   1.1826304e+01
   1.0109656e+01
   9.2885506e+00
   1.9159998e+02
   7.0761818e+01
   3.8005727e+01
   3.0402450e+01
   2.3030839e+01
   1.8927647e+01
   1.6452452e+01
   1.3556551e+01
   1.3072940e+01
   1.0962085e+01
   1.0473866e+01
   2.1376466e+02
   7.2951994e+01
   4.6155468e+01
   3.4452000e+01
   2.7222786e+01
   2.0059065e+01
   1.7374783e+01
   1.4754616e+01
   1.5447412e+01
   1.2587201e+01
   1.1397000e+01
   2.1106807e+02
   8.8011079e+01
   5.0369556e+01
   3.5687797e+01
   2.9906993e+01
   2.3206843e+01
   2.0453577e+01
   1.6103741e+01
   1.7310870e+01
   1.3334993e+01
   1.2023606e+01
   2.6351351e+02
   8.2529589e+01
   5.2574762e+01
   4.0029956e+01
   3.0140150e+01
   2.5680777e+01
   2.1036444e+01
   1.9147044e+01
   1.7420405e+01
   1.3746440e+01
   1.4068425e+01
   2.4950369e+02
   1.0070425e+02
   5.7896054e+01
   4.0496247e+01
   3.4386027e+01
   2.6019026e+01
   2.2017709e+01
   2.0871895e+01
   1.9837281e+01
   1.6128600e+01
   1.6047050e+01
   2.7372378e+02
   9.8073866e+01
   5.6676291e+01
   4.7905697e+01
   3.3545950e+01
   2.7893847e+01
   2.4236599e+01
   2.2996049e+01
   1.9413698e+01
   1.6349195e+01
   1.5828705e+01
   2.9341572e+02
   1.0424280e+02
   6.7999831e+01
   4.8808356e+01
   4.0027358e+01
   3.1299464e+01
   2.7669738e+01
   2.1906220e+01
   2.1049188e+01
   1.8204385e+01
   1.6251197e+01
   3.3327066e+02
   1.0896728e+02
   7.1689239e+01
   5.3171325e+01
   4.0033922e+01
   3.2897373e+01
   2.8006830e+01
   2.4640350e+01
   2.3775557e+01
   2.0098856e+01
   1.8641332e+01
   3.3191648e+02
   1.2812845e+02
   7.4457070e+01
   5.5311283e+01
   4.1017364e+01
   3.2851383e+01
   3.1318765e+01
   2.7040555e+01
   2.4580152e+01
   2.2064695e+01
   1.9223678e+01
