   1.0249765e-05
   9.9187367e-06
   9.6722467e-06
   9.3591470e-06
   8.9900178e-06
   8.6476358e-06
   1.2319428e-05
   1.2021962e-05
   1.1694741e-05
   1.1413910e-05
   1.1114282e-05
   1.0835584e-05
   1.4400887e-05
   1.4119336e-05
   1.3968033e-05
   1.3563594e-05
   1.3250909e-05
   1.2974490e-05
   1.6473986e-05
   1.6206147e-05
   1.5803229e-05
   1.5695667e-05
   1.5402059e-05
   1.5170843e-05
   1.8524447e-05
   1.8333143e-05
   1.7843006e-05
   1.7706420e-05
   1.7546157e-05
   1.7299367e-05
   2.0619579e-05
   2.0413560e-05
   2.0067074e-05
   1.9936088e-05
   1.9727506e-05
   1.9471159e-05
