   1.0249765e-05
   1.0083559e-05
   9.9187367e-06
   9.7572994e-06
   9.6722467e-06
   9.5381931e-06
   9.3591470e-06
   9.1068544e-06
   8.9900178e-06
   8.8261397e-06
   8.6476358e-06
   1.1289790e-05
   1.1133088e-05
   1.0974218e-05
   1.0826388e-05
   1.0612662e-05
   1.0679392e-05
   1.0401831e-05
   1.0177120e-05
   1.0066847e-05
   9.8899963e-06
   9.7348087e-06
   1.2319428e-05
   1.2183237e-05
   1.2021962e-05
   1.1908250e-05
   1.1694741e-05
   1.1598694e-05
   1.1413910e-05
   1.1288484e-05
   1.1114282e-05
   1.0953241e-05
   1.0835584e-05
   1.4400887e-05
   1.4256694e-05
   1.4119336e-05
   1.3969202e-05
   1.3714676e-05
   1.3563594e-05
   1.3400127e-05
   1.3250909e-05
   1.3113219e-05
   1.2974490e-05
   1.5435284e-05
   1.5310790e-05
   1.5138689e-05
   1.5064770e-05
   1.4732177e-05
   1.4601281e-05
   1.4626677e-05
   1.4443093e-05
   1.4313869e-05
   1.4201230e-05
   1.4079145e-05
   1.6473986e-05
   1.6342896e-05
   1.6206147e-05
   1.6072586e-05
   1.5803229e-05
   1.5766146e-05
   1.5695667e-05
   1.5532114e-05
   1.5402059e-05
   1.5247581e-05
   1.5170843e-05
   1.7501844e-05
   1.7366490e-05
   1.7235716e-05
   1.7102182e-05
   1.6869207e-05
   1.6805423e-05
   1.6685258e-05
   1.6586625e-05
   1.6516217e-05
   1.6341387e-05
   1.6228749e-05
   1.8524447e-05
   1.8414098e-05
   1.8333143e-05
   1.8270006e-05
   1.7843006e-05
   1.7957160e-05
   1.7706420e-05
   1.7641127e-05
   1.7546157e-05
   1.7410943e-05
   1.7299367e-05
   1.9579196e-05
   1.9460537e-05
   1.9328841e-05
   1.9207857e-05
   1.8946757e-05
   1.9042867e-05
   1.8844657e-05
   1.8719708e-05
   1.8619945e-05
   1.8518717e-05
   1.8383952e-05
   2.0619579e-05
   2.0504360e-05
   2.0413560e-05
   2.0183573e-05
   2.0067074e-05
   2.0101524e-05
   1.9936088e-05
   1.9822817e-05
   1.9727506e-05
   1.9573809e-05
   1.9471159e-05
