   1.0249765e-05
   1.0083559e-05
   9.7572994e-06
   9.5381931e-06
   9.1068544e-06
   8.9900178e-06
   8.8261397e-06
   8.6476358e-06
   1.1289790e-05
   1.1133088e-05
   1.0826388e-05
   1.0679392e-05
   1.0177120e-05
   1.0066847e-05
   9.8899963e-06
   1.3355347e-05
   1.3234938e-05
   1.2882897e-05
   1.2577450e-05
   1.2330476e-05
   1.2224457e-05
   1.2037677e-05
   1.1920389e-05
   1.5435284e-05
   1.5310790e-05
   1.5064770e-05
   1.4601281e-05
   1.4443093e-05
   1.4313869e-05
   1.4201230e-05
   1.4079145e-05
   1.7501844e-05
   1.7366490e-05
   1.7102182e-05
   1.6805423e-05
   1.6586625e-05
   1.6516217e-05
   1.6341387e-05
   1.8524447e-05
   1.8414098e-05
   1.8270006e-05
   1.7957160e-05
   1.7641127e-05
   1.7546157e-05
   1.7410943e-05
   1.7299367e-05
   1.9579196e-05
   1.9460537e-05
   1.9207857e-05
   1.8719708e-05
   1.8619945e-05
   1.8518717e-05
   1.8383952e-05
   2.0619579e-05
   2.0504360e-05
   2.0183573e-05
   2.0101524e-05
   1.9822817e-05
   1.9727506e-05
   1.9573809e-05
   1.9471159e-05
