   9.7313707e-06
   9.1113171e-06
   8.9179069e-06
   8.9115318e-06
   8.9446592e-06
   9.0566192e-06
   9.1190137e-06
   9.2217078e-06
   9.3236029e-06
   9.4548630e-06
   9.5435829e-06
   1.0809529e-05
   1.0333943e-05
   1.0145342e-05
   1.0145206e-05
   1.0176291e-05
   1.0259578e-05
   1.0361054e-05
   1.0434796e-05
   1.0545699e-05
   1.0694006e-05
   1.0853792e-05
   1.1899078e-05
   1.1484383e-05
   1.1338256e-05
   1.1317039e-05
   1.1398489e-05
   1.1479286e-05
   1.1562479e-05
   1.1692233e-05
   1.1818113e-05
   1.1965423e-05
   1.2093945e-05
   1.3025708e-05
   1.2659486e-05
   1.2517769e-05
   1.2533173e-05
   1.2580782e-05
   1.2690454e-05
   1.2739778e-05
   1.2870810e-05
   1.2991945e-05
   1.3190119e-05
   1.3324428e-05
   1.4117687e-05
   1.3783049e-05
   1.3666945e-05
   1.3686591e-05
   1.3763004e-05
   1.3879341e-05
   1.3928412e-05
   1.4113871e-05
   1.4178668e-05
   1.4400692e-05
   1.4551040e-05
   1.5201444e-05
   1.4912314e-05
   1.4818876e-05
   1.4841276e-05
   1.4909118e-05
   1.5030482e-05
   1.5145161e-05
   1.5274590e-05
   1.5420542e-05
   1.5593259e-05
   1.5741864e-05
   1.6277580e-05
   1.6022269e-05
   1.5968778e-05
   1.5981079e-05
   1.6088233e-05
   1.6179656e-05
   1.6311763e-05
   1.6430699e-05
   1.6554514e-05
   1.6780839e-05
   1.6972893e-05
   1.7329860e-05
   1.7116904e-05
   1.7079790e-05
   1.7141884e-05
   1.7210728e-05
   1.7346612e-05
   1.7459622e-05
   1.7599934e-05
   1.7749948e-05
   1.7955303e-05
   1.8147552e-05
   1.8388984e-05
   1.8201752e-05
   1.8220435e-05
   1.8229995e-05
   1.8351187e-05
   1.8483433e-05
   1.8598990e-05
   1.8788161e-05
   1.8945139e-05
   1.9157742e-05
   1.9325223e-05
   1.9434371e-05
   1.9303025e-05
   1.9304261e-05
   1.9350334e-05
   1.9482312e-05
   1.9629164e-05
   1.9787386e-05
   1.9954138e-05
   2.0065858e-05
   2.0343866e-05
   2.0503641e-05
   2.0519433e-05
   2.0387213e-05
   2.0398645e-05
   2.0488503e-05
   2.0600093e-05
   2.0767997e-05
   2.0915298e-05
   2.1119107e-05
   2.1303664e-05
   2.1461089e-05
   2.1650494e-05
