   1.4062526e+01
   6.6880820e+01
   1.2241537e+02
   1.8105587e+02
   2.4266271e+02
   3.1074655e+02
   1.6912694e+01
   8.1025294e+01
   1.4838368e+02
   2.2077821e+02
   2.9889679e+02
   3.8418177e+02
   1.9751320e+01
   9.5045071e+01
   1.7609031e+02
   2.6253019e+02
   3.5535208e+02
   4.5806259e+02
   2.2611710e+01
   1.0920082e+02
   2.0067617e+02
   3.0281133e+02
   4.1044104e+02
   5.3163225e+02
   2.5407411e+01
   1.2320450e+02
   2.2692039e+02
   3.4123376e+02
   4.6615205e+02
   6.0295096e+02
   2.8295953e+01
   1.3728196e+02
   2.5376909e+02
   3.8186816e+02
   5.2060204e+02
   6.7598799e+02
