   1.4062526e+01
   4.0220822e+01
   9.4110701e+01
   1.5203998e+02
   2.1123398e+02
   2.4266271e+02
   2.7579230e+02
   3.1074655e+02
   1.5496071e+01
   4.4365826e+01
   1.0434646e+02
   1.6920729e+02
   2.3530262e+02
   2.7089981e+02
   3.0847419e+02
   1.8344895e+01
   5.2702919e+01
   1.2424852e+02
   2.0072690e+02
   2.8358323e+02
   3.2748324e+02
   3.7423794e+02
   4.2257822e+02
   2.1190488e+01
   6.1049040e+01
   1.4467675e+02
   2.3335996e+02
   3.3107239e+02
   3.8216881e+02
   4.3822671e+02
   4.9444978e+02
   2.4000256e+01
   6.9212428e+01
   1.6418289e+02
   2.6724322e+02
   3.7933807e+02
   4.3889571e+02
   5.0199947e+02
   2.5407411e+01
   7.3360924e+01
   1.7491730e+02
   2.8521238e+02
   4.0290148e+02
   4.6615205e+02
   5.3355339e+02
   6.0295096e+02
   2.6876018e+01
   7.7526109e+01
   1.8440273e+02
   4.2739241e+02
   4.9285514e+02
   5.6635969e+02
   6.3894170e+02
   2.8295953e+01
   8.1657746e+01
   1.9420815e+02
   3.1788036e+02
   4.5143602e+02
   5.2060204e+02
   5.9720252e+02
   6.7598799e+02
