   1.4062526e+01
   4.0220822e+01
   6.6880820e+01
   1.2241537e+02
   1.5203998e+02
   1.8105587e+02
   2.1123398e+02
   2.4266271e+02
   2.7579230e+02
   3.1074655e+02
   1.5496071e+01
   7.3837880e+01
   1.3505530e+02
   1.6920729e+02
   2.0135169e+02
   2.3530262e+02
   2.7089981e+02
   3.0847419e+02
   3.4780479e+02
   1.6912694e+01
   4.8505233e+01
   8.1025294e+01
   1.4838368e+02
   1.8468240e+02
   2.2077821e+02
   2.6004369e+02
   2.9889679e+02
   3.4154641e+02
   3.8418177e+02
   1.9751320e+01
   5.6854307e+01
   9.5045071e+01
   1.7609031e+02
   2.1805950e+02
   2.6253019e+02
   3.0794430e+02
   3.5535208e+02
   4.0573184e+02
   4.5806259e+02
   2.1190488e+01
   6.1049040e+01
   1.0193597e+02
   1.8732424e+02
   2.3335996e+02
   2.8186363e+02
   3.3107239e+02
   3.8216881e+02
   4.3822671e+02
   2.2611710e+01
   6.5083209e+01
   1.0920082e+02
   2.0067617e+02
   2.5102097e+02
   3.0281133e+02
   3.5592260e+02
   4.1044104e+02
   4.7022087e+02
   5.3163225e+02
   2.4000256e+01
   6.9212428e+01
   1.1597765e+02
   2.1424936e+02
   2.6724322e+02
   3.2222592e+02
   3.7933807e+02
   4.3889571e+02
   5.0199947e+02
   5.6712517e+02
   2.5407411e+01
   7.3360924e+01
   1.2320450e+02
   2.2692039e+02
   2.8521238e+02
   3.4123376e+02
   4.0290148e+02
   4.6615205e+02
   5.3355339e+02
   6.0295096e+02
   2.6876018e+01
   7.7526109e+01
   1.3012944e+02
   2.4052093e+02
   3.0109556e+02
   3.6230056e+02
   4.2739241e+02
   4.9285514e+02
   5.6635969e+02
   6.3894170e+02
   2.8295953e+01
   8.1657746e+01
   1.3728196e+02
   2.5376909e+02
   3.8186816e+02
   4.5143602e+02
   5.2060204e+02
   5.9720252e+02
   6.7598799e+02
