   1.3842422e+01
   3.9676398e+01
   6.6828205e+01
   9.5241797e+01
   1.2525180e+02
   1.5815422e+02
   1.9139177e+02
   2.2789623e+02
   2.6467321e+02
   3.0763909e+02
   3.5035205e+02
   1.5262915e+01
   4.3791730e+01
   7.3774034e+01
   1.0547396e+02
   1.3854321e+02
   1.7359928e+02
   2.1095043e+02
   2.5146491e+02
   2.9335420e+02
   3.4005303e+02
   3.8976060e+02
   1.6702478e+01
   4.7914617e+01
   8.0913884e+01
   1.1496865e+02
   1.5181473e+02
   1.9116342e+02
   2.3142565e+02
   2.7556611e+02
   3.2200153e+02
   3.7400805e+02
   4.2813113e+02
   1.8131328e+01
   5.2159393e+01
   8.7944146e+01
   1.2552337e+02
   1.6468058e+02
   2.0794102e+02
   2.5124790e+02
   2.9906403e+02
   3.4836351e+02
   4.0692388e+02
   4.6586400e+02
   1.9552409e+01
   5.6243509e+01
   9.4883778e+01
   1.3521326e+02
   1.7800419e+02
   2.2451951e+02
   2.7110137e+02
   3.2454280e+02
   3.7622642e+02
   4.3935108e+02
   5.0123658e+02
   2.0983323e+01
   6.0428494e+01
   1.0179739e+02
   1.4532359e+02
   1.9150852e+02
   2.4103039e+02
   2.9190572e+02
   3.4885997e+02
   4.0644526e+02
   4.7144107e+02
   5.3922849e+02
   2.2428073e+01
   6.4556353e+01
   1.0894841e+02
   1.5541238e+02
   2.0454334e+02
   2.5705444e+02
   3.1216109e+02
   3.7104152e+02
   4.3252560e+02
   5.0159143e+02
   5.7456545e+02
   2.3848658e+01
   6.8709893e+01
   1.1587660e+02
   1.6553330e+02
   2.1737392e+02
   2.7304902e+02
   3.3241894e+02
   3.9530587e+02
   4.6089172e+02
   5.3535923e+02
   6.1105036e+02
   2.5289226e+01
   7.2788015e+01
   1.2305442e+02
   1.7518247e+02
   2.3083335e+02
   2.8987137e+02
   3.5132643e+02
   4.1957957e+02
   4.8949482e+02
   5.6839029e+02
   6.4770773e+02
   2.6694154e+01
   7.6934932e+01
   1.2991639e+02
   1.8496316e+02
   2.4349893e+02
   3.0696837e+02
   3.7269679e+02
   4.4287399e+02
   5.1683200e+02
   6.0012930e+02
   6.8346175e+02
   2.8131683e+01
   8.1128806e+01
   1.3665519e+02
   1.9507038e+02
   2.5676437e+02
   3.2345382e+02
   3.9187559e+02
   4.6773925e+02
   5.4459167e+02
   6.3031488e+02
   7.1713861e+02
